366
0 0 639787372
1 2 275754289
2 7 736734743
3 1 892287389
4 0 422499898
5 5 219419337
6 2 27509433
7 5 650234553
8 6 221220181
9 0 809621027
10 7 806013433
11 2 340910266
12 3 957255860
13 1 93653097
14 6 847646872
15 7 807321145
16 10 536691863
17 6 379155843
18 6 829575260
19 6 861845194
20 0 704867265
21 3 228670377
22 2 80712185
23 3 101900428
24 4 636048760
25 2 370810786
26 9 267710844
27 6 648387350
28 7 171967509
29 4 164239091
30 6 989533828
31 7 557392794
32 8 843009069
33 0 229819024
34 3 316137595
35 9 211771860
36 3 876491259
37 4 655783227
38 5 914633043
39 2 265615286
40 3 561806766
41 9 585001404
42 2 400001105
43 5 997540069
44 0 91818502
45 6 110539481
46 4 792287285
47 4 64464178
48 5 996125259
49 9 971107300
50 7 12469540
51 5 682028659
52 6 267558365
53 4 112440621
54 10 454269983
55 3 875977088
56 2 501085527
57 9 912715212
58 6 299146346
59 2 609361241
60 5 762748290
61 5 778847852
62 3 1571324
63 9 20457265
64 8 878843156
65 1 308206611
66 9 878131590
67 5 86567798
68 8 70143306
69 1 766068595
70 5 475807096
71 9 265791572
72 2 423714802
73 7 539756793
74 3 201949912
75 6 995154208
76 5 438661984
77 2 121883191
78 6 338747476
79 2 230884618
80 6 71922092
81 9 229712842
82 1 859775765
83 7 238766629
84 1 215022570
85 6 935578727
86 8 473198355
87 2 807689501
88 4 97833883
89 5 424155044
90 7 729346774
91 1 984181047
92 3 403218661
93 2 861810864
94 4 191018699
95 3 422459758
96 9 250556641
97 9 443687614
98 1 550774987
99 8 999283186
100 9 969027261
101 2 848847039
102 2 486155484
103 1 401639252
104 10 379594146
105 8 265937855
106 4 455553359
107 10 957360324
108 7 556212555
109 3 155642028
110 6 968740656
111 7 542653006
112 6 58108107
113 9 503347533
114 10 158275295
115 2 81031353
116 7 595440071
117 1 235968691
118 2 890397027
119 6 594924634
120 6 419805690
121 9 523259933
122 7 205054940
123 4 239447266
124 3 672018533
125 8 316861019
126 5 73470571
127 10 998455987
128 2 74187460
129 9 265935214
130 9 880983310
131 2 370157562
132 7 833911210
133 10 612066088
134 0 654322342
135 3 817287031
136 9 663725326
137 1 135156823
138 6 107928941
139 6 273075864
140 2 717894575
141 3 634603721
142 9 489043320
143 1 846257610
144 3 424152197
145 8 4542143
146 3 637476264
147 6 741489678
148 0 428259232
149 9 76168616
150 5 904024643
151 6 834760425
152 1 148945691
153 9 308950091
154 9 796326183
155 2 899025712
156 1 250280209
157 9 780336126
158 6 406971012
159 9 155398785
160 10 864741091
161 9 810960949
162 7 25761575
163 9 332853282
164 9 802432904
165 3 810938568
166 1 787587135
167 9 872294616
168 8 223211284
169 3 460842931
170 2 795550154
171 2 24640770
172 9 328933689
173 3 966922215
174 4 641840257
175 5 981168538
176 1 939297904
177 2 970430211
178 3 962571782
179 4 109294144
180 3 728816516
181 5 606602645
182 6 385810238
183 7 255467783
184 9 2689586
185 7 538913545
186 7 742208128
187 1 364857250
188 3 664573447
189 8 314601729
190 3 720034509
191 4 309975377
192 3 402997987
193 4 128160511
194 7 940423307
195 6 902902741
196 5 301648924
197 3 1405533
198 6 430458262
199 5 655050918
200 2 442717639
201 9 473713000
202 2 796228736
203 5 85710741
204 3 633307915
205 8 818605041
206 2 673122875
207 0 199930802
208 5 245597701
209 1 849887957
210 6 415026570
211 7 195240801
212 2 494882792
213 0 656401953
214 8 751213512
215 4 107480709
216 10 176710795
217 1 518439793
218 8 249949081
219 8 457005364
220 10 667910155
221 10 595856866
222 6 891534500
223 5 719554688
224 5 830738601
225 7 897310896
226 3 475199762
227 6 247992498
228 5 766047871
229 3 627121689
230 3 78405870
231 3 272443392
232 1 540612070
233 7 232030218
234 1 706712723
235 5 408191770
236 2 416358460
237 9 420723374
238 7 584495335
239 8 856875301
240 0 381000648
241 8 352407044
242 10 853594503
243 7 419602261
244 6 546586177
245 2 221318155
246 0 436400140
247 7 336793414
248 2 404912352
249 1 467922759
250 0 622634704
251 6 394626236
252 6 28074944
253 5 136563787
254 4 51234348
255 3 212448624
256 4 761468478
257 8 752257814
258 1 253019260
259 5 20363903
260 3 999907921
261 8 650493949
262 8 652102901
263 2 949662121
264 2 21359637
265 7 127094754
266 2 564405612
267 8 699765506
268 6 168621354
269 1 748177727
270 10 819481873
271 0 108990651
272 7 312645287
273 4 958214666
274 1 715299691
275 6 690923802
276 8 102799404
277 6 850442946
278 10 121934010
279 3 782852711
280 4 428949635
281 3 506454829
282 8 849726052
283 10 106433331
284 8 635949521
285 4 707601335
286 10 734061509
287 8 270812314
288 5 538634734
289 7 436138918
290 9 269127142
291 1 830900288
292 2 881749553
293 6 465243758
294 0 379610315
295 2 851101884
296 8 212907730
297 9 340998504
298 3 701482567
299 9 11140963
300 7 86527349
301 8 489089269
302 6 690918730
303 8 491330514
304 2 93960297
305 3 692095368
306 5 581974030
307 4 531391009
308 3 746189502
309 3 703152087
310 1 252152272
311 1 193391709
312 8 536328101
313 2 185964692
314 7 484714389
315 5 976630416
316 1 283715704
317 2 194923460
318 0 180262102
319 3 534600954
320 6 974320637
321 1 697719976
322 5 868592736
323 6 872847016
324 4 469927548
325 1 185179306
326 5 941122534
327 4 822293530
328 6 75008088
329 1 54555465
330 3 563276758
331 1 993924205
332 6 764679002
333 2 790950089
334 5 523049963
335 9 443278283
336 3 990041230
337 6 621406294
338 9 740349216
339 2 208580118
340 2 660767709
341 1 174639734
342 5 3673046
343 3 594217384
344 7 232244758
345 5 703284571
346 9 687697535
347 6 788040199
348 9 661521860
349 5 425713827
350 9 647987089
351 1 826804529
352 3 166756866
353 6 749208765
354 1 289321978
355 7 688989313
356 5 942733565
357 1 494301424
358 4 40820923
359 3 322999262
360 10 92235559
361 6 836122656
362 10 950835492
363 3 672609303
364 8 41191441
365 7 471030322
